0	0.6	0.6	0.6	0.6	0.6	0.6
10	0.6	0.6	0.6	0.6	0.6	0.6
20	0.8	0.8	0.8	0.8	0.8	0.8
30	1	1	1	1	1	1
40	1.3	1.3	1.3	1.3	1.3	1.3
50	1.5	1.5	1.5	1.5	1.5	1.5
60	1.7	1.7	1.7	1.7	1.7	1.7
70	1.8	1.8	1.8	1.8	1.8	1.8
80	1.9	1.9	1.9	1.9	1.9	1.9
90	2.9	2.9	2.9	2.9	2.9	2.9
100	3.5	3.5	3.5	3.5	3.5	3.5
110	3.7	3.7	3.7	3.7	3.7	3.7
120	3.8	3.8	3.8	3.8	3.8	3.8
130	4	4	4	4	4	4
140	4.2	4.2	4.2	4.2	4.2	4.2
150	4.5	4.5	4.5	4.49982	4.5	4.5
160	4.7	4.7	4.7	4.90599	4.7	4.7
170	5.6	5.6	5.6	6.24937	5.6	5.6
180	6.6	6.6	6.6	9.97636	6.6	6.6
190	7.9	7.9	7.9	16.5758	7.9	7.48621
200	12.5	12.5	12.5	23.6022	12.5	9.2182
210	12.6422	16.6179	17.2365	32.3962	12.8575	9.38253
220	15.9948	17.1065	18.5063	42.0012	15.509	10.4315
230	20.0334	17.6999	18.845	50.3789	18.6587	10.958
240	23.4409	18.0363	19.5809	56.6214	21.0021	11.7452
250	27.6074	19.4845	19.8274	62.4621	23.9413	12.1078
260	34.0296	23.5215	22.5429	69.6855	28.9847	13.8955
270	40.8109	28.2315	25.8213	76.6347	34.2466	16.0852
280	47.7612	33.4062	29.4629	83.3184	39.5471	18.5805
290	49.8964	34.0441	30.4509	84.9167	39.9122	20.706
300	54.7384	37.6508	32.3467	89.0863	42.8731	21.5148
310	57.4149	39.3382	32.4476	91.0643	43.5664	22.6268
320	59.8593	41.0248	32.6197	92.8724	43.9339	23.7199
330	61.9103	42.5349	33.0316	94.4195	44.0455	24.9561
340	64.5117	44.7991	33.3165	96.7045	44.4064	25.3965
350	66.1128	46.2534	33.8926	98.2187	45.1168	26.6001
360	67.1673	47.3396	34.8823	99.4475	46.4377	28.1226
370	69.134	49.5046	34.9314	101.872	46.9041	28.5159
380	71.276	52.0006	35.2764	104.77	47.2466	28.5277
390	72.5611	53.7848	35.6734	107.119	48.4917	29.2016
400	72.7613	54.6192	37.0461	108.693	50.8619	30.7765
410	74.1528	56.7704	37.1234	111.768	52.0761	30.987
420	75.9156	59.4097	37.5164	115.521	52.9491	31.3105
430	79.4339	63.9124	39.7591	121.328	53.8059	33.5419
440	85.3954	70.9583	44.5346	129.869	57.0847	38.3595
450	85.7917	72.5312	45.2393	133.123	59.3884	38.9736
460	87.1176	75.1187	45.5453	137.575	60.7758	39.4139
470	87.1717	76.5123	46.4343	141.009	63.4448	40.1291
480	87.7556	78.5072	46.7205	145.214	65.5905	40.2063
490	88.637	79.1021	48.4026	148.179	69.2046	41.6481
500	88.8982	80.8991	48.8763	152.499	71.6763	41.8538
510	90.0834	81.3035	50.734	155.571	75.5918	43.4194
520	90.1657	83.024	51.265	160.093	78.2346	43.6376
530	90.5321	85.0722	51.4557	165.069	80.5856	43.7773
540	91.802	88.0629	52.2216	171.103	82.0231	44.8884
550	93.1974	91.2136	53.1634	177.404	83.3231	46.1872
560	93.2427	93.0445	53.524	182.483	85.9591	46.1929
570	94.9649	96.5788	54.8855	189.355	86.9022	47.9276
580	96.7933	100.242	56.3959	196.436	87.7214	49.8159
590	99.0596	104.362	58.3845	204.045	88.0835	52.1848
600	99.2976	106.47	58.386	209.706	90.4531	52.564
610	100.652	106.999	59.9438	213.844	94.393	53.7425
620	102.46	107.083	61.9219	217.586	98.7638	55.3445
630	103.283	108.16	62.8821	222.362	102.124	55.9334
640	103.678	109.67	63.3841	227.605	105.031	56.0705
650	104.801	110.454	64.586	232.15	108.64	56.9152
660	107.407	111.153	67.2435	235.235	113.704	59.2247
670	110.247	112.088	70.1109	238.099	118.975	61.7542
680	111.474	112.763	71.3404	242.583	122.603	62.6573
690	112.735	113.397	72.5826	247.032	126.236	63.5855
700	112.879	115.14	72.6866	252.591	128.722	63.7822
710	114.752	115.146	74.4995	256.408	132.906	65.3088
720	115.298	116.469	74.9672	261.534	135.732	65.5053
730	115.659	117.963	75.2339	266.818	138.342	65.5166
740	116.279	119.186	75.7425	271.816	141.179	65.7863
750	116.761	121.497	76.3507	277.882	142.882	66.6163
760	117.116	122.955	76.5658	283.072	145.39	66.6272
770	117.286	124.922	76.8887	288.744	147.34	67.1361
780	117.528	126.46	76.9652	293.96	149.67	67.2271
790	119.016	126.733	78.2774	297.879	153.214	68.3908
800	119.285	128.206	78.3603	302.965	155.506	68.4371
810	119.369	129.846	78.4729	308.182	157.579	68.6593
820	119.539	131.719	78.8481	313.594	159.366	69.1243
830	120.833	134.695	80.3544	320.07	159.998	70.7002
840	121.119	136.642	80.8611	325.476	161.604	71.2562
850	121.97	139.132	81.9385	331.382	162.613	72.3626
860	122.583	140.136	82.319	335.758	165.055	72.7347
870	123.379	142.526	83.3529	341.476	166.055	73.7564
880	124.057	144.776	84.2744	347.008	167.141	74.6451
890	125.092	147.36	85.5576	352.827	167.838	75.8748
900	125.759	149.553	86.4774	358.207	168.872	76.7204
910	128.435	153.732	89.4096	365.525	169.878	79.5576
920	128.598	155.374	89.8308	370.257	171.355	79.8632
930	129.123	157.355	90.6182	375.279	172.437	80.5145
940	130.291	159.955	92.05	380.869	172.847	81.7896
950	131.38	162.453	93.4049	386.307	173.306	82.9674
960	131.69	163.527	93.4473	390.273	175.134	83.2072
970	131.719	164.86	93.6877	394.445	176.651	83.2301
980	132.052	166.531	94.2917	398.907	177.776	83.5965
990	132.33	168.124	94.8409	403.239	178.928	83.8882
1000	133.326	168.42	95.5646	406.224	181.326	84.8891
1010	133.74	170.102	96.2507	410.544	182.285	85.2785
1020	133.847	171.453	96.6298	414.485	183.524	85.3416
1030	134.263	172.259	96.7739	417.83	185.258	85.8208
1040	134.617	173.103	96.8568	421.164	186.904	86.2578
1050	135.525	173.372	97.4938	423.873	189.077	87.2676
1060	136.601	173.449	98.2996	426.343	191.392	88.4646
1070	138.958	174.676	100.388	427.459	194.963	90.9628
1080	140.912	175.52	102.073	428.911	198.104	93.0757
